x1	y1	x2	y2
303.018000	15.594400	299.509000	23.849400
303.018000	15.594400	299.509000	23.849400
295.547000	46.597000	291.512000	51.302400
302.198000	53.351800	297.728000	57.103900
302.552000	82.519900	295.985000	86.921500
301.980000	105.013000	294.659000	102.972000
301.980000	105.013000	294.659000	102.972000
310.479000	114.979000	300.374000	111.274000
301.826000	140.380000	293.518000	132.822000
357.435000	141.709000	345.574000	129.636000
357.435000	141.709000	345.574000	129.636000
419.056000	152.279000	405.674000	135.485000
264.066000	166.460000	257.767000	156.746000
328.676000	201.792000	315.809000	182.011000
280.995000	206.855000	270.341000	190.686000
245.460000	211.545000	241.407000	195.415000
417.133000	229.669000	398.503000	203.817000
408.942000	230.267000	391.610000	204.415000
441.641000	252.312000	422.518000	223.378000
441.641000	252.312000	422.518000	223.378000
450.345000	259.414000	430.341000	229.076000
444.229000	263.984000	423.992000	232.832000
428.036000	267.065000	407.315000	235.605000
341.938000	301.956000	324.312000	265.883000
341.938000	301.956000	324.312000	265.883000
433.499000	380.599000	408.394000	330.002000
492.145000	380.354000	466.961000	331.182000
493.298000	407.106000	464.246000	353.190000
433.763000	409.153000	405.323000	354.002000
433.763000	409.153000	405.323000	354.002000
302.598000	27.361200	298.835000	33.829900
302.156000	53.446400	297.728000	57.103900
302.573000	82.938000	295.985000	86.921500
302.102000	105.010000	294.659000	102.972000
302.102000	105.010000	294.659000	102.972000
309.962000	115.040000	300.374000	111.274000
296.817000	136.164000	288.811000	129.651000
321.458000	138.353000	311.267000	130.454000
321.458000	138.353000	311.267000	130.454000
278.035000	138.976000	270.510000	133.558000
357.332000	141.701000	345.574000	129.636000
357.332000	141.701000	345.574000	129.636000
270.816000	148.569000	264.967000	143.714000
302.517000	149.256000	293.578000	140.603000
333.606000	149.743000	323.013000	139.051000
325.192000	162.843000	313.622000	149.994000
325.192000	162.843000	313.622000	149.994000
263.717000	165.617000	257.767000	156.746000
266.352000	193.604000	259.883000	179.285000
328.372000	201.784000	315.809000	182.011000
281.376000	206.945000	270.341000	190.686000
356.801000	210.182000	342.007000	188.986000
356.801000	210.182000	342.007000	188.986000
359.837000	217.962000	344.479000	194.877000
359.837000	217.962000	344.479000	194.877000
430.506000	220.756000	412.788000	194.137000
408.985000	230.068000	391.610000	204.415000
424.257000	289.023000	401.749000	253.588000
433.282000	380.807000	408.394000	330.002000
433.770000	409.142000	405.323000	354.002000
433.770000	409.142000	405.323000	354.002000
302.741000	27.586100	298.835000	33.829900
302.741000	27.586100	298.866000	33.843700
339.499000	82.900500	332.429000	80.340800
302.129000	105.025000	294.914000	103.279000
290.773000	112.038000	284.727000	109.720000
297.166000	111.731000	290.441000	109.309000
297.166000	111.731000	290.441000	109.309000
309.247000	124.439000	301.080000	118.543000
310.410000	136.337000	301.313000	128.537000
283.128000	137.779000	276.217000	132.831000
283.128000	137.779000	276.217000	132.831000
324.898000	162.941000	313.622000	149.994000
324.898000	162.941000	313.622000	149.994000
265.147000	164.323000	259.740000	155.973000
339.662000	166.097000	326.837000	151.632000
280.480000	176.639000	272.679000	164.780000
265.164000	193.199000	259.163000	178.840000
265.164000	193.199000	259.163000	178.840000
248.756000	197.212000	245.085000	183.906000
248.756000	197.212000	245.085000	183.906000
338.359000	213.287000	325.414000	193.821000
458.722000	212.817000	441.831000	187.339000
441.486000	213.855000	425.559000	189.144000
243.773000	218.216000	239.780000	200.798000
231.721000	227.691000	229.724000	208.853000
446.195000	230.333000	429.492000	203.314000
275.882000	231.317000	267.156000	209.506000
268.116000	250.309000	259.813000	224.895000
244.723000	254.399000	238.817000	230.298000
309.646000	293.475000	294.806000	259.889000
457.067000	330.821000	433.468000	288.321000
462.461000	379.011000	436.859000	329.138000
491.646000	380.903000	466.258000	330.695000
491.646000	380.903000	466.258000	330.695000
302.914000	27.807900	298.866000	33.843700
276.352000	79.283600	272.570000	82.759500
266.658000	97.435700	263.516000	99.708100
348.692000	103.485000	339.912000	97.400800
312.191000	112.004000	304.638000	108.111000
281.070000	136.979000	273.305000	132.143000
310.299000	136.459000	301.313000	128.537000
324.462000	137.024000	314.449000	128.619000
295.758000	149.201000	286.549000	141.083000
295.758000	149.201000	286.549000	141.083000
266.089000	163.652000	259.918000	155.757000
281.341000	175.848000	273.071000	163.941000
265.928000	193.600000	259.883000	179.285000
355.418000	197.803000	340.549000	179.232000
289.730000	198.928000	279.845000	182.703000
299.044000	199.055000	288.980000	181.736000
128.731000	211.431000	133.326000	201.675000
410.165000	228.774000	392.058000	203.385000
261.990000	229.306000	255.706000	209.171000
324.578000	260.193000	310.208000	231.931000
268.756000	270.476000	259.979000	241.377000
473.576000	268.865000	453.960000	236.686000
326.030000	277.355000	309.502000	246.104000
326.030000	277.355000	309.502000	246.104000
300.846000	28.840900	298.998000	33.994100
302.634000	85.368600	296.123000	83.957000
302.634000	85.368600	296.123000	83.957000
266.192000	99.494100	263.077000	100.391000
301.707000	105.360000	294.765000	103.112000
301.707000	105.360000	294.765000	103.112000
280.394000	136.760000	273.305000	132.143000
323.863000	137.197000	314.449000	128.619000
266.469000	163.573000	259.918000	155.757000
281.899000	163.595000	274.504000	153.800000
322.953000	164.390000	312.984000	151.368000
296.240000	167.011000	286.167000	158.236000
360.454000	217.992000	344.374000	194.345000
231.751000	227.518000	229.995000	208.613000
307.765000	226.122000	297.541000	204.415000
262.728000	228.848000	257.379000	206.489000
450.903000	263.821000	430.116000	232.806000
429.035000	269.101000	408.272000	237.678000
429.993000	341.363000	404.626000	297.812000
491.404000	380.392000	463.132000	330.107000
295.310000	47.351400	290.927000	51.849700
302.435000	86.828200	296.061000	84.826400
302.435000	86.828200	296.061000	84.826400
302.165000	144.137000	292.877000	134.433000
300.385000	170.732000	289.667000	158.433000
428.498000	193.875000	412.490000	171.076000
300.468000	196.536000	290.801000	180.549000
281.705000	206.528000	270.055000	189.990000
268.036000	252.689000	259.793000	226.168000
450.603000	264.633000	429.772000	233.592000
457.411000	325.161000	432.877000	284.518000
490.640000	380.303000	462.705000	330.598000
303.495000	143.761000	294.818000	135.531000
291.824000	170.324000	284.779000	157.994000
126.320000	218.139000	130.307000	208.272000
324.794000	257.975000	310.712000	231.292000
450.367000	265.244000	429.772000	233.592000
457.306000	325.549000	432.877000	284.518000
488.137000	342.420000	462.037000	300.350000
488.137000	342.420000	462.037000	300.350000
490.327000	380.447000	462.705000	330.598000
293.198000	53.022400	290.896000	55.853200
302.176000	90.211800	295.802000	89.779900
302.176000	90.211800	295.797000	90.807400
319.084000	134.889000	314.080000	128.242000
284.053000	136.092000	274.656000	131.735000
301.088000	171.320000	294.325000	160.423000
280.293000	205.150000	270.444000	185.308000
429.602000	226.048000	412.639000	197.672000
456.602000	326.160000	432.351000	285.394000
430.390000	342.584000	403.875000	299.917000
431.318000	377.861000	405.215000	327.289000
457.929000	376.842000	432.006000	327.551000
302.360000	90.829800	295.565000	91.366600
432.593000	341.893000	405.600000	300.480000
453.919000	376.196000	429.897000	327.015000
301.945000	91.899800	295.023000	91.757100
301.945000	91.899800	295.565000	91.366600
283.728000	135.387000	275.700000	129.410000
454.329000	328.457000	431.151000	285.992000
454.329000	328.457000	431.151000	285.992000
451.500000	268.605000	430.753000	238.802000
451.500000	268.605000	430.753000	238.802000
451.138000	373.430000	423.247000	322.330000
451.138000	373.430000	423.247000	322.330000
300.248000	76.677100	295.007000	79.174600
296.207000	232.427000	289.709000	210.426000
