x1	y1	x2	y2
303.018000	15.594400	299.509000	23.849400
303.018000	15.594400	299.509000	23.849400
295.547000	46.597000	291.512000	51.302400
302.198000	53.351800	297.728000	57.103900
172.587000	82.766300	181.642000	94.932100
302.552000	82.519900	295.985000	86.921500
301.980000	105.013000	294.659000	102.972000
301.980000	105.013000	294.659000	102.972000
310.479000	114.979000	300.374000	111.274000
424.482000	116.799000	413.486000	103.068000
157.306000	140.466000	170.169000	141.457000
301.826000	140.380000	293.518000	132.822000
357.435000	141.709000	345.574000	129.636000
357.435000	141.709000	345.574000	129.636000
419.056000	152.279000	405.674000	135.485000
264.066000	166.460000	257.767000	156.746000
328.676000	201.792000	315.809000	182.011000
469.197000	219.999000	453.840000	191.819000
475.892000	220.638000	459.601000	192.097000
417.133000	229.669000	398.503000	203.817000
408.942000	230.267000	391.610000	204.415000
479.052000	229.988000	462.683000	201.102000
484.645000	229.894000	470.127000	201.089000
441.641000	252.312000	422.518000	223.378000
441.641000	252.312000	422.518000	223.378000
450.345000	259.414000	430.341000	229.076000
444.229000	263.984000	423.992000	232.832000
428.036000	267.065000	407.315000	235.605000
473.227000	267.202000	453.846000	235.324000
473.227000	267.202000	453.846000	235.324000
302.598000	27.361200	298.835000	33.829900
302.156000	53.446400	297.728000	57.103900
302.573000	82.938000	295.985000	86.921500
302.102000	105.010000	294.659000	102.972000
302.102000	105.010000	294.659000	102.972000
309.962000	115.040000	300.374000	111.274000
296.817000	136.164000	288.811000	129.651000
321.458000	138.353000	311.267000	130.454000
321.458000	138.353000	311.267000	130.454000
278.035000	138.976000	270.510000	133.558000
124.979000	140.935000	136.658000	149.983000
357.332000	141.701000	345.574000	129.636000
357.332000	141.701000	345.574000	129.636000
270.816000	148.569000	264.967000	143.714000
302.517000	149.256000	293.578000	140.603000
333.606000	149.743000	323.013000	139.051000
325.192000	162.843000	313.622000	149.994000
325.192000	162.843000	313.622000	149.994000
263.717000	165.617000	257.767000	156.746000
296.864000	189.708000	299.828000	173.835000
328.372000	201.784000	315.809000	182.011000
356.801000	210.182000	342.007000	188.986000
356.801000	210.182000	342.007000	188.986000
457.792000	212.900000	441.831000	187.339000
359.837000	217.962000	344.479000	194.877000
359.837000	217.962000	344.479000	194.877000
430.506000	220.756000	412.788000	194.137000
408.985000	230.068000	391.610000	204.415000
488.996000	274.200000	468.886000	239.021000
488.996000	274.200000	468.886000	239.021000
19.528500	282.429000	58.600700	279.156000
302.741000	27.586100	298.835000	33.829900
302.741000	27.586100	298.866000	33.843700
339.499000	82.900500	332.429000	80.340800
302.129000	105.025000	294.914000	103.279000
290.773000	112.038000	284.727000	109.720000
297.166000	111.731000	290.441000	109.309000
297.166000	111.731000	290.441000	109.309000
309.247000	124.439000	301.080000	118.543000
426.346000	125.544000	413.595000	110.736000
310.410000	136.337000	301.313000	128.537000
283.128000	137.779000	276.217000	132.831000
283.128000	137.779000	276.217000	132.831000
163.818000	154.310000	175.050000	153.765000
296.664000	162.755000	300.983000	152.391000
324.898000	162.941000	313.622000	149.994000
324.898000	162.941000	313.622000	149.994000
265.147000	164.323000	259.740000	155.973000
339.662000	166.097000	326.837000	151.632000
122.820000	172.908000	133.995000	172.103000
302.862000	174.130000	305.573000	160.255000
280.480000	176.639000	272.679000	164.780000
153.619000	185.442000	166.591000	178.704000
153.619000	185.442000	166.591000	178.704000
265.164000	193.199000	259.163000	178.840000
265.164000	193.199000	259.163000	178.840000
248.756000	197.212000	245.085000	183.906000
248.756000	197.212000	245.085000	183.906000
300.672000	200.311000	304.313000	182.868000
165.576000	205.235000	176.011000	193.584000
338.359000	213.287000	325.414000	193.821000
458.722000	212.817000	441.831000	187.339000
441.486000	213.855000	425.559000	189.144000
446.195000	230.333000	429.492000	203.314000
461.810000	229.786000	445.155000	202.154000
302.914000	27.807900	298.866000	33.843700
276.352000	79.283600	272.570000	82.759500
266.658000	97.435700	263.516000	99.708100
348.692000	103.485000	339.912000	97.400800
312.191000	112.004000	304.638000	108.111000
281.070000	136.979000	273.305000	132.143000
310.299000	136.459000	301.313000	128.537000
324.462000	137.024000	314.449000	128.619000
295.758000	149.201000	286.549000	141.083000
295.758000	149.201000	286.549000	141.083000
266.089000	163.652000	259.918000	155.757000
281.341000	175.848000	273.071000	163.941000
265.928000	193.600000	259.883000	179.285000
355.418000	197.803000	340.549000	179.232000
153.872000	203.795000	165.796000	193.086000
410.165000	228.774000	392.058000	203.385000
473.576000	268.865000	453.960000	236.686000
300.846000	28.840900	298.998000	33.994100
302.634000	85.368600	296.123000	83.957000
302.634000	85.368600	296.123000	83.957000
266.192000	99.494100	263.077000	100.391000
301.707000	105.360000	294.765000	103.112000
301.707000	105.360000	294.765000	103.112000
280.394000	136.760000	273.305000	132.143000
323.863000	137.197000	314.449000	128.619000
266.469000	163.573000	259.918000	155.757000
281.899000	163.595000	274.504000	153.800000
322.953000	164.390000	312.984000	151.368000
296.240000	167.011000	286.167000	158.236000
155.861000	184.819000	167.629000	178.355000
96.231400	192.101000	111.251000	188.314000
153.345000	203.162000	166.473000	193.266000
450.903000	263.821000	430.116000	232.806000
429.035000	269.101000	408.272000	237.678000
473.145000	269.345000	453.641000	237.212000
295.310000	47.351400	290.927000	51.849700
302.435000	86.828200	296.061000	84.826400
302.435000	86.828200	296.061000	84.826400
302.165000	144.137000	292.877000	134.433000
447.545000	156.953000	433.497000	136.047000
300.385000	170.732000	289.667000	158.433000
77.346600	184.819000	98.487400	183.231000
428.498000	193.875000	412.490000	171.076000
295.229000	196.426000	298.339000	180.408000
300.468000	196.536000	290.801000	180.549000
478.998000	226.451000	461.642000	197.866000
450.603000	264.633000	429.772000	233.592000
171.305000	111.149000	181.606000	117.587000
171.305000	111.149000	181.606000	117.587000
429.859000	122.865000	417.508000	106.744000
149.052000	144.564000	163.695000	145.789000
185.361000	144.110000	193.249000	140.673000
303.495000	143.761000	294.818000	135.531000
291.824000	170.324000	284.779000	157.994000
84.371300	187.549000	103.863000	187.262000
464.579000	226.353000	449.673000	200.325000
464.579000	226.353000	449.697000	199.241000
450.367000	265.244000	429.772000	233.592000
488.137000	342.420000	462.037000	300.350000
488.137000	342.420000	462.037000	300.350000
293.198000	53.022400	290.896000	55.853200
124.686000	68.192700	140.328000	86.259700
124.686000	68.192700	140.328000	86.259700
302.176000	90.211800	295.802000	89.779900
302.176000	90.211800	295.797000	90.807400
171.081000	118.062000	181.520000	121.202000
171.081000	118.062000	181.520000	121.202000
319.084000	134.889000	314.080000	128.242000
284.053000	136.092000	274.656000	131.735000
119.785000	144.400000	132.572000	149.204000
301.088000	171.320000	294.325000	160.423000
429.602000	226.048000	412.639000	197.672000
302.360000	90.829800	295.565000	91.366600
171.366000	119.190000	181.520000	121.202000
171.366000	119.190000	181.520000	121.202000
449.777000	267.813000	430.032000	239.030000
449.777000	267.813000	430.859000	241.226000
301.945000	91.899800	295.023000	91.757100
301.945000	91.899800	295.565000	91.366600
170.987000	119.922000	181.520000	121.202000
170.987000	119.922000	181.520000	121.202000
283.728000	135.387000	275.700000	129.410000
125.987000	143.842000	137.927000	151.150000
170.019000	121.167000	180.930000	125.858000
451.500000	268.605000	430.753000	238.802000
451.500000	268.605000	430.753000	238.802000
300.248000	76.677100	295.007000	79.174600
303.343000	70.703300	297.243000	68.279300
305.823000	63.649400	298.579000	60.264900
169.350000	147.413000	181.590000	143.803000
